{
  "asset": {
    "version": "2.0",
    "generator": "THREE.GLTFExporter"
  },
  "scenes": [
    {
      "name": "Scene",
      "nodes": [
        87
      ]
    }
  ],
  "scene": 0,
  "nodes": [
    {
      "matrix": [
        -0.9545823064304457,
        0.005236753549978879,
        -0.2979018796866022,
        0,
        -0.2967791682109885,
        -0.10518754443473252,
        0.9491355915172949,
        0,
        -0.026365144098530635,
        0.9944387113441269,
        0.10196411953765327,
        0,
        -0.11754950135946274,
        0.2580575942993164,
        0.11421480029821396,
        1
      ],
      "name": "Eye_R_0",
      "extras": {
        "name": "Eye_R_0"
      }
    },
    {
      "matrix": [
        -0.9545824817019195,
        -0.005236782174932841,
        0.2979018085130445,
        0,
        0.2967790629675722,
        -0.10518769073484718,
        0.9491355697450388,
        0,
        0.026365132018694837,
        0.9944387775538996,
        0.10196413596970177,
        0,
        0.1223047748208046,
        0.2580575942993164,
        0.11421478539705276,
        1
      ],
      "name": "Eye_L_1",
      "extras": {
        "name": "Eye_L_1"
      }
    },
    {
      "matrix": [
        0.9400571853042023,
        0.2760595873989609,
        0.20021007069357794,
        0,
        -0.19425013594591528,
        0.9160153714502435,
        -0.35097431043210553,
        0,
        -0.28028529017900716,
        0.29104505573672834,
        0.9147313336466278,
        0,
        7.704312565692817e-8,
        0.11488549411296844,
        -2.2297712121144286e-7,
        1
      ],
      "name": "HairSide2_2",
      "extras": {
        "name": "HairSide2_2"
      }
    },
    {
      "matrix": [
        0.3410155554757272,
        -0.014954718180308916,
        -0.9399394245967515,
        0,
        -0.7587815414544735,
        -0.5946307983601937,
        -0.26582976884300125,
        0,
        -0.5549409172706969,
        0.8038601222903203,
        -0.21412570689502708,
        0,
        -0.39802777767181396,
        0.4313414692878723,
        -0.09486091881990433,
        1
      ],
      "name": "HairSide1_3",
      "extras": {
        "name": "HairSide1_3"
      },
      "children": [
        2
      ]
    },
    {
      "matrix": [
        0.9793289632342549,
        0.2022249519099966,
        -0.004441885314428666,
        0,
        -0.1900338270049612,
        0.9273693524997064,
        0.3222936936710158,
        0,
        0.06929510903552026,
        -0.314787496513716,
        0.9466294183221747,
        0,
        -1.1014395617792161e-8,
        0.13363221287727356,
        1.1565830249082865e-7,
        1
      ],
      "name": "HairFront2_4",
      "extras": {
        "name": "HairFront2_4"
      }
    },
    {
      "matrix": [
        0.9886582132152365,
        0.14811731300551448,
        -0.024382498356370248,
        0,
        0.1483325514052937,
        -0.9889114340936098,
        0.007190906723711958,
        0,
        -0.02304728114086511,
        -0.010726184965437239,
        -0.999677053779878,
        0,
        0.12950436770915985,
        0.523253321647644,
        0.3751237094402313,
        1
      ],
      "name": "HairFront1_5",
      "extras": {
        "name": "HairFront1_5"
      },
      "children": [
        4
      ]
    },
    {
      "matrix": [
        1,
        8.146421205997863e-14,
        4.708526719721687e-12,
        0,
        -1.3581594806042202e-16,
        0.999850862472792,
        -0.017269996990471048,
        0,
        -4.70923138842568e-12,
        0.017269996990471048,
        0.999850862472792,
        0,
        0.11816433817148209,
        0.2539801597595215,
        0.1318628489971161,
        1
      ],
      "name": "LeftEye_6",
      "extras": {
        "name": "LeftEye_6"
      }
    },
    {
      "matrix": [
        1,
        8.14642676408677e-14,
        4.708526719244116e-12,
        0,
        -1.3603818361163564e-16,
        0.9998508630840037,
        -0.017269961601533712,
        0,
        -4.709231388903251e-12,
        0.017269961601533712,
        0.9998508630840037,
        0,
        -0.11757577955722809,
        0.25404173135757446,
        0.13087797164916992,
        1
      ],
      "name": "RightEye_7",
      "extras": {
        "name": "RightEye_7"
      }
    },
    {
      "matrix": [
        0.9999999999999717,
        -1.983740480129439e-11,
        2.3814269997724492e-7,
        0,
        1.4482799578960834e-8,
        0.9981540786750422,
        -0.06073248955098534,
        0,
        -2.377019025214783e-7,
        0.06073248955098706,
        0.9981540786750139,
        0,
        -2.2225742080106414e-10,
        0.0788063332438469,
        -3.608188192671946e-9,
        1
      ],
      "name": "Head_8",
      "extras": {
        "name": "Head_8"
      },
      "children": [
        0,
        1,
        3,
        5,
        6,
        7
      ]
    },
    {
      "matrix": [
        0.9999999999999724,
        1.3290766855104756e-8,
        -2.3494729694599774e-7,
        0,
        3.3936504422824734e-9,
        0.9974854749485818,
        0.07087120195350996,
        0,
        2.3529843467910735e-7,
        -0.07087119772925597,
        0.9974854154937866,
        0,
        7.478598296195571e-11,
        0.21175457537174225,
        -6.440847410971173e-9,
        1
      ],
      "name": "Neck_9",
      "extras": {
        "name": "Neck_9"
      },
      "children": [
        8
      ]
    },
    {
      "matrix": [
        0.9853768681853358,
        -0.04066065751273134,
        -0.16546606938339745,
        0,
        0.06010318544544537,
        0.9916329612438471,
        0.11424602636751496,
        0,
        0.15943626146304718,
        -0.12252040739700815,
        0.9795758415509779,
        0,
        3.377725477093918e-8,
        0.01982192136347294,
        -6.975324140512384e-8,
        1
      ],
      "name": "IndexL3_10",
      "extras": {
        "name": "IndexL3_10"
      }
    },
    {
      "matrix": [
        0.9994003430146682,
        0.03304550945382977,
        -0.010324307590765676,
        0,
        -0.032579914160507976,
        0.9985687261560662,
        0.042408170552719525,
        0,
        0.011710934158521211,
        -0.042046390259758176,
        0.9990469043516785,
        0,
        1.1993806836585463e-8,
        0.019215457141399384,
        5.49358709633907e-8,
        1
      ],
      "name": "IndexL2_11",
      "extras": {
        "name": "IndexL2_11"
      },
      "children": [
        10
      ]
    },
    {
      "matrix": [
        0.9937292850668064,
        -0.11110432013870113,
        0.012557856472892445,
        0,
        0.11178372429225278,
        0.9846799538619696,
        -0.1338256736496414,
        0,
        0.0025031413955359317,
        0.13439028700036987,
        0.9909251973855489,
        0,
        0.0337027870118618,
        0.06259798258543015,
        -0.027707258239388466,
        1
      ],
      "name": "IndexL1_12",
      "extras": {
        "name": "IndexL1_12"
      },
      "children": [
        11
      ]
    },
    {
      "matrix": [
        0.9838712596002072,
        -0.013628163991630093,
        -0.17835745047930354,
        0,
        0.030328116393466824,
        0.9953664478248411,
        0.09124342889547435,
        0,
        0.17628760461642798,
        -0.09518106676725197,
        0.9797261076929784,
        0,
        3.1287139989899515e-8,
        0.019236333668231964,
        1.326996397210678e-7,
        1
      ],
      "name": "MiddleL3_13",
      "extras": {
        "name": "MiddleL3_13"
      }
    },
    {
      "matrix": [
        0.9955345479593602,
        0.020564754525905515,
        0.09212934587596838,
        0,
        -0.014745930988664264,
        0.9978791519176388,
        -0.06340060350944904,
        0,
        -0.0932377880372751,
        0.061758969240458275,
        0.9937265945621065,
        0,
        5.572041938961547e-9,
        0.02590111643075943,
        -3.251071412080364e-9,
        1
      ],
      "name": "MiddleL2_14",
      "extras": {
        "name": "MiddleL2_14"
      },
      "children": [
        13
      ]
    },
    {
      "matrix": [
        0.9995192239618704,
        0.014353883767824979,
        -0.02748248522339374,
        0,
        -0.01519247433013549,
        0.9994177129354963,
        -0.03055198596035299,
        0,
        0.027027939670559154,
        0.030954820540915126,
        0.9991551687394463,
        0,
        0.010396427474915981,
        0.06839923560619354,
        -0.007087516598403454,
        1
      ],
      "name": "MiddleL1_15",
      "extras": {
        "name": "MiddleL1_15"
      },
      "children": [
        14
      ]
    },
    {
      "matrix": [
        0.9774275119377448,
        0.11024218367764828,
        0.18022698446191165,
        0,
        -0.0823389645013554,
        0.9843849152692239,
        -0.15558367026943457,
        0,
        -0.19456466519007976,
        0.1372320988606553,
        0.9712424144466899,
        0,
        -2.9099943787969096e-8,
        0.023102309554815292,
        -1.5752039672634055e-9,
        1
      ],
      "name": "RingL3_16",
      "extras": {
        "name": "RingL3_16"
      }
    },
    {
      "matrix": [
        0.9860068677697721,
        -0.08145597338512271,
        -0.145447256961096,
        0,
        0.09929961420976978,
        0.9878000237140863,
        0.1199602500713595,
        0,
        0.13390137294221272,
        -0.13272453427035585,
        0.9820665052279994,
        0,
        -2.8671550467151974e-8,
        0.022220918908715248,
        -2.0105012765725405e-8,
        1
      ],
      "name": "RingL2_17",
      "extras": {
        "name": "RingL2_17"
      },
      "children": [
        16
      ]
    },
    {
      "matrix": [
        0.9811988883613354,
        0.14580362538130154,
        0.12645033476073642,
        0,
        -0.12889231588662406,
        0.9827045267180603,
        -0.1329603900035634,
        0,
        -0.14364944017162615,
        0.11416212422718262,
        0.9830216730823087,
        0,
        -0.017883574590086937,
        0.06813779473304749,
        0.01237802766263485,
        1
      ],
      "name": "RingL1_18",
      "extras": {
        "name": "RingL1_18"
      },
      "children": [
        17
      ]
    },
    {
      "matrix": [
        0.8976117138414857,
        0.016380261910123133,
        -0.44048231103009033,
        0,
        0.007979163475189371,
        0.998541709830741,
        0.05339275954558817,
        0,
        0.4407145999214843,
        -0.051440652964768546,
        0.8961721415472803,
        0,
        -3.725290298461914e-8,
        0.018285639584064484,
        1.4901161193847656e-8,
        1
      ],
      "name": "SmallL3_19",
      "extras": {
        "name": "SmallL3_19"
      }
    },
    {
      "matrix": [
        0.9991297707319557,
        0.03530752147234776,
        -0.02219736249147295,
        0,
        -0.03606117991594738,
        0.9987530022715145,
        -0.03452236754592466,
        0,
        0.0209507847075818,
        0.035292790195836705,
        0.9991571483488212,
        0,
        5.862455410010625e-8,
        0.02016526274383068,
        -1.114512784283761e-7,
        1
      ],
      "name": "SmallL2_20",
      "extras": {
        "name": "SmallL2_20"
      },
      "children": [
        19
      ]
    },
    {
      "matrix": [
        0.9599992757010741,
        0.2146311937758847,
        0.17981791061139632,
        0,
        -0.19092580698654574,
        0.9715242578598277,
        -0.140312908424816,
        0,
        -0.204813014455484,
        0.10036842137833106,
        0.9736413352399746,
        0,
        -0.04602344334125519,
        0.0659068152308464,
        0.028528684750199318,
        1
      ],
      "name": "SmallL1_21",
      "extras": {
        "name": "SmallL1_21"
      },
      "children": [
        20
      ]
    },
    {
      "matrix": [
        0.9922145533350253,
        0.09917361490953358,
        0.07532938510917381,
        0,
        -0.09687165978176164,
        0.9947283735589021,
        -0.03363014260340961,
        0,
        -0.07826752760267827,
        0.02607104350143996,
        0.9965914381796317,
        0,
        -6.72387230338245e-8,
        0.018373358994722366,
        -1.9200763290427858e-7,
        1
      ],
      "name": "ThumbL3_22",
      "extras": {
        "name": "ThumbL3_22"
      }
    },
    {
      "matrix": [
        0.9520298881258781,
        0.09519824429765289,
        0.2908202136752767,
        0,
        -0.09435182799344344,
        0.9953943394453292,
        -0.016965922960875623,
        0,
        -0.29109588583652346,
        -0.011287348665101084,
        0.9566271749691231,
        0,
        -1.509597638005289e-7,
        0.0219105314463377,
        -9.628152497498377e-9,
        1
      ],
      "name": "ThumbL2_23",
      "extras": {
        "name": "ThumbL2_23"
      },
      "children": [
        22
      ]
    },
    {
      "matrix": [
        -0.4289978481600768,
        -0.7046361627472953,
        -0.5651982398070311,
        0,
        0.4078669613007459,
        0.4071836954509589,
        -0.8172185111203507,
        0,
        0.8059814164103521,
        -0.5811105684510619,
        0.11271669096079083,
        0,
        0.022277746349573135,
        0.012558942660689354,
        -0.03543785214424133,
        1
      ],
      "name": "ThumbL1_24",
      "extras": {
        "name": "ThumbL1_24"
      },
      "children": [
        23
      ]
    },
    {
      "matrix": [
        0.9706656940399747,
        0.11327534816791923,
        0.21207792183257584,
        0,
        -0.07785495512002782,
        0.9826217346687346,
        -0.16850261978576153,
        0,
        -0.22747959531995696,
        0.1470484130442168,
        0.9626163698663662,
        0,
        -1.8689163994167757e-8,
        0.18815022706985474,
        -1.5832927857672985e-8,
        1
      ],
      "name": "Left_wrist_25",
      "extras": {
        "name": "Left wrist_25"
      },
      "children": [
        12,
        15,
        18,
        21,
        24
      ]
    },
    {
      "matrix": [
        0.9888042040468787,
        -0.056627350954345415,
        -0.13805604693914922,
        0,
        0.06750565284542276,
        0.9948635589212331,
        0.07542868776750111,
        0,
        0.13307559595444798,
        -0.08390376134366534,
        0.9875478765791598,
        0,
        8.72958061393092e-9,
        0.15638725459575653,
        -9.228575237330006e-8,
        1
      ],
      "name": "Left_elbow_26",
      "extras": {
        "name": "Left elbow_26"
      },
      "children": [
        25
      ]
    },
    {
      "matrix": [
        0.9626824243267221,
        0.24618242799008858,
        0.11241440154230788,
        0,
        -0.17797904357904182,
        0.8888118428813487,
        -0.4222996089273945,
        0,
        -0.2038779371197922,
        0.38653288711263234,
        0.8994585864856706,
        0,
        3.962449923733402e-9,
        0.10008316487073898,
        -1.672251386253265e-7,
        1
      ],
      "name": "Left_arm_27",
      "extras": {
        "name": "Left arm_27"
      },
      "children": [
        26
      ]
    },
    {
      "matrix": [
        0.015676361597652042,
        0.37640960839145793,
        0.9263204047464737,
        0,
        0.9992860777441847,
        -0.0377380437716912,
        -0.0015762852664080946,
        0,
        0.03436424693372867,
        0.9256841673854339,
        -0.3767325818685482,
        0,
        0.06319436430931091,
        0.1491786390542984,
        -0.023405859246850014,
        1
      ],
      "name": "Left_shoulder_28",
      "extras": {
        "name": "Left shoulder_28"
      },
      "children": [
        27
      ]
    },
    {
      "matrix": [
        0.9988372935233168,
        -0.04780220877189064,
        -0.006217100100430776,
        0,
        0.047496051138331295,
        0.9979666822289304,
        -0.0424932078630581,
        0,
        0.008235729867206535,
        0.042148523088341334,
        0.9990769941982268,
        0,
        -1.236623603517728e-7,
        0.019502881914377213,
        -1.9141060647598351e-7,
        1
      ],
      "name": "IndexR3_29",
      "extras": {
        "name": "IndexR3_29"
      }
    },
    {
      "matrix": [
        0.9887400191566631,
        -0.1225365362190308,
        -0.08589650514421875,
        0,
        0.11414447504664499,
        0.9887548645694233,
        -0.09662075983548334,
        0,
        0.09677014931726398,
        0.08572818991729544,
        0.9916082545236111,
        0,
        -1.1900203134018739e-7,
        0.019436510279774666,
        -1.7712268984837465e-8,
        1
      ],
      "name": "IndexR2_30",
      "extras": {
        "name": "IndexR2_30"
      },
      "children": [
        29
      ]
    },
    {
      "matrix": [
        0.9873893085168346,
        0.15830237057639293,
        0.0016103796028942208,
        0,
        -0.15831025242332192,
        0.9873168207492411,
        0.011958321310061913,
        0,
        0.00030307582363768115,
        -0.012062460369237913,
        0.9999271403374816,
        0,
        -0.03535091504454613,
        0.06497717648744583,
        -0.0311247818171978,
        1
      ],
      "name": "IndexR1_31",
      "extras": {
        "name": "IndexR1_31"
      },
      "children": [
        30
      ]
    },
    {
      "matrix": [
        0.9237568738904107,
        0.016149739414504094,
        0.3826387774042397,
        0,
        0.011745059859300078,
        0.9974458291827946,
        -0.07045305767012089,
        0,
        -0.38279922830052476,
        0.06957560756565591,
        0.9212077064761885,
        0,
        6.870725854923876e-8,
        0.021555228158831596,
        -1.0106275993848612e-7,
        1
      ],
      "name": "MiddleR3_32",
      "extras": {
        "name": "MiddleR3_32"
      }
    },
    {
      "matrix": [
        0.9994604441403793,
        0.022876399089818658,
        -0.023568856674541817,
        0,
        -0.02297265121748741,
        0.9997289107707334,
        -0.0038210868452467858,
        0,
        0.023475054707333992,
        0.004360464258662444,
        0.9997150326960587,
        0,
        -1.1421698253855084e-8,
        0.018834896385669708,
        -9.08374104824361e-8,
        1
      ],
      "name": "MiddleR2_33",
      "extras": {
        "name": "MiddleR2_33"
      },
      "children": [
        32
      ]
    },
    {
      "matrix": [
        0.9989062948665571,
        -0.04080077862000079,
        -0.022836608706295364,
        0,
        0.0393131676164452,
        0.9972900482589346,
        -0.06218261217885353,
        0,
        0.02531182141437033,
        0.06121682338026394,
        0.9978033147468791,
        0,
        -0.012772612273693085,
        0.07465961575508118,
        -0.00748865120112896,
        1
      ],
      "name": "MiddleR1_34",
      "extras": {
        "name": "MiddleR1_34"
      },
      "children": [
        33
      ]
    },
    {
      "matrix": [
        0.8653421517506228,
        0.004840742087383345,
        0.5011584462956731,
        0,
        0.06869419033832283,
        0.9893705792689866,
        -0.1281695895472763,
        0,
        -0.4964516514966873,
        0.14533716004926409,
        0.8558111779219574,
        0,
        -4.228179051324332e-8,
        0.020195193588733673,
        7.060033624384232e-8,
        1
      ],
      "name": "RingR3_35",
      "extras": {
        "name": "RingR3_35"
      }
    },
    {
      "matrix": [
        0.9996691715644727,
        -0.02464481925436764,
        0.00735262633425455,
        0,
        0.024461837007849353,
        0.9994123346390077,
        0.024017542510393404,
        0,
        -0.007940215796903096,
        -0.023829745183705286,
        0.9996848560864029,
        0,
        -8.007469176618542e-8,
        0.021240323781967163,
        -1.3363573714286758e-7,
        1
      ],
      "name": "RingR2_36",
      "extras": {
        "name": "RingR2_36"
      },
      "children": [
        35
      ]
    },
    {
      "matrix": [
        0.9997730535553485,
        0.008534754200247577,
        0.019503930119081955,
        0,
        -0.008210635209482073,
        0.9998273279377159,
        -0.016638115299114607,
        0,
        -0.019642576273349185,
        0.016474209495199947,
        0.999671092287026,
        0,
        0.01893196627497673,
        0.0764203742146492,
        0.010534442961215973,
        1
      ],
      "name": "RingR1_37",
      "extras": {
        "name": "RingR1_37"
      },
      "children": [
        36
      ]
    },
    {
      "matrix": [
        0.9026784993490158,
        -0.017100887144233246,
        0.42997569900459637,
        0,
        0.010972573486876802,
        0.9997998634312997,
        0.01672829176025642,
        0,
        -0.43017576503833843,
        -0.010382331083199667,
        0.9026855887046515,
        0,
        -4.3896630330664266e-8,
        0.01640445552766323,
        -1.0529513261303691e-8,
        1
      ],
      "name": "SmallR3_38",
      "extras": {
        "name": "SmallR3_38"
      }
    },
    {
      "matrix": [
        0.9861724353389185,
        0.11229509205003059,
        0.12187495264522391,
        0,
        -0.12084958684678335,
        0.9905270247350728,
        0.06520789158334755,
        0,
        -0.1133978817518121,
        -0.07903474286608168,
        0.9904010264013348,
        0,
        -4.5883336241558936e-8,
        0.018622351810336113,
        -7.707998150863205e-8,
        1
      ],
      "name": "SmallR2_39",
      "extras": {
        "name": "SmallR2_39"
      },
      "children": [
        38
      ]
    },
    {
      "matrix": [
        0.9464340662145232,
        -0.24818708016198165,
        -0.2065565738259402,
        0,
        0.20018417965349536,
        0.9529213934894459,
        -0.2277422252071729,
        0,
        0.2533548837148865,
        0.1741936656580876,
        0.9515605068496935,
        0,
        0.047060735523700714,
        0.07645942270755768,
        0.025987394154071808,
        1
      ],
      "name": "SmallR1_40",
      "extras": {
        "name": "SmallR1_40"
      },
      "children": [
        39
      ]
    },
    {
      "matrix": [
        0.9880131204667488,
        -0.1543508505533052,
        0.0023529123666907194,
        0,
        0.15424830213976343,
        0.9865252761442889,
        -0.054541273437140964,
        0,
        0.006097285530835238,
        0.05425045243107136,
        0.9985087441556734,
        0,
        2.752278760453919e-8,
        0.01801917888224125,
        4.064562908467906e-9,
        1
      ],
      "name": "ThumbR3_41",
      "extras": {
        "name": "ThumbR3_41"
      }
    },
    {
      "matrix": [
        0.9745451928547508,
        -0.10344388562707325,
        -0.198901349639622,
        0,
        0.09992651548236035,
        0.9946102668599691,
        -0.027669221632843338,
        0,
        0.20069146439787247,
        0.007089386420312625,
        0.9796290906122664,
        0,
        4.701722744471226e-8,
        0.022381551563739777,
        1.97648432731512e-7,
        1
      ],
      "name": "ThumbR2_42",
      "extras": {
        "name": "ThumbR2_42"
      },
      "children": [
        41
      ]
    },
    {
      "matrix": [
        -0.5622984402850683,
        0.7765038686891601,
        0.28436233871257527,
        0,
        -0.33320997495344723,
        0.10196451883075386,
        -0.9373228069178284,
        0,
        -0.7568298214532116,
        -0.6218076228056454,
        0.201404344174718,
        0,
        -0.027810318395495415,
        0.023887772113084793,
        -0.028287004679441452,
        1
      ],
      "name": "ThumbR1_43",
      "extras": {
        "name": "ThumbR1_43"
      },
      "children": [
        42
      ]
    },
    {
      "matrix": [
        0.9771372353936421,
        -0.11412387786885926,
        -0.1793845041311034,
        0,
        0.09187456586627386,
        0.9875338906873223,
        -0.12781001944408618,
        0,
        0.19173449854327612,
        0.10840708069592227,
        0.9754414505261103,
        0,
        -2.655797359807366e-9,
        0.1881580799818039,
        -1.2099756929728755e-7,
        1
      ],
      "name": "Right_wrist_44",
      "extras": {
        "name": "Right wrist_44"
      },
      "children": [
        31,
        34,
        37,
        40,
        43
      ]
    },
    {
      "matrix": [
        0.9882726449713726,
        0.06559275274407722,
        0.13789146829642052,
        0,
        -0.07582743061617954,
        0.9946377787745438,
        0.07032448522732294,
        0,
        -0.13253930349075582,
        -0.07995572935536835,
        0.9879471556050474,
        0,
        -4.157960198369892e-9,
        0.15639841556549072,
        -6.609607083873925e-8,
        1
      ],
      "name": "Right_elbow_45",
      "extras": {
        "name": "Right elbow_45"
      },
      "children": [
        44
      ]
    },
    {
      "matrix": [
        0.9611716267569885,
        -0.25335749793646545,
        -0.10935976186549716,
        0,
        0.18660340868397585,
        0.8886973348250823,
        -0.4188033078949991,
        0,
        0.2032946646767262,
        0.3821349061514625,
        0.9014679292581479,
        0,
        -5.6790344871160414e-8,
        0.10008318722248077,
        -8.968511622242659e-8,
        1
      ],
      "name": "Right_arm_46",
      "extras": {
        "name": "Right arm_46"
      },
      "children": [
        45
      ]
    },
    {
      "matrix": [
        0.012295567098484608,
        -0.3776769960595125,
        -0.925855564140541,
        0,
        -0.9992864860535278,
        -0.03771150590617367,
        0.002112539819165704,
        0,
        -0.03571322665887067,
        0.9251691535417308,
        -0.37787132443293103,
        0,
        -0.0631943792104721,
        0.14918041229248047,
        -0.02317543886601925,
        1
      ],
      "name": "Right_shoulder_47",
      "extras": {
        "name": "Right shoulder_47"
      },
      "children": [
        46
      ]
    },
    {
      "matrix": [
        -0.9999999608154031,
        -4.4502462730313705e-8,
        -8.662382870663891e-7,
        0,
        5.4812831538858636e-8,
        0.9934448540966486,
        -0.11431447174016497,
        0,
        8.656469346346629e-7,
        -0.1143144308581383,
        -0.9934444596285753,
        0,
        -3.329999886947377e-10,
        0.19139964878559113,
        -8.21324519506561e-9,
        1
      ],
      "name": "Coat3_48",
      "extras": {
        "name": "Coat3_48"
      }
    },
    {
      "matrix": [
        0.9999999999999702,
        -6.995739438451018e-8,
        -2.3350378041552823e-7,
        0,
        3.495146345385885e-8,
        0.9891847570462685,
        -0.14667568267050654,
        0,
        2.4123939974867273e-7,
        0.14667566518539216,
        0.9891846391262434,
        0,
        -1.1031704716391033e-10,
        0.20528686046600342,
        4.6194698066770457e-10,
        1
      ],
      "name": "Coat2_49",
      "extras": {
        "name": "Coat2_49"
      },
      "children": [
        48
      ]
    },
    {
      "matrix": [
        0.9999999999999716,
        -2.343803542303196e-7,
        -4.3700826719378656e-8,
        0,
        -6.968391840842175e-10,
        0.18041976498869433,
        -0.9835898305358558,
        0,
        2.384185964230864e-7,
        0.9835897132827969,
        0.18041974348097956,
        0,
        -4.11930295429741e-10,
        0.13349293172359467,
        -0.06305382400751114,
        1
      ],
      "name": "Coat1_50",
      "extras": {
        "name": "Coat1_50"
      },
      "children": [
        49
      ]
    },
    {
      "matrix": [
        0.999693076701595,
        -0.014199837673776403,
        -0.020300666001096916,
        0,
        0.01281925546312024,
        0.9976977580987814,
        -0.06659019741156501,
        0,
        0.021199503954000984,
        0.06630953573049322,
        0.99757381058841,
        0,
        -5.562045757301348e-8,
        0.20146480202674866,
        2.2373333408154394e-8,
        1
      ],
      "name": "CoatR3_51",
      "extras": {
        "name": "CoatR3_51"
      }
    },
    {
      "matrix": [
        0.9685102509923615,
        0.12925338964971703,
        -0.21279552353989575,
        0,
        -0.13256847216465634,
        0.9911730879036367,
        -0.001322598627750892,
        0,
        0.2107461579712592,
        0.02949091411519812,
        0.9770958120207036,
        0,
        -1.791353554381203e-8,
        0.20858609676361084,
        1.0027673802426307e-8,
        1
      ],
      "name": "CoatR2_52",
      "extras": {
        "name": "CoatR2_52"
      },
      "children": [
        51
      ]
    },
    {
      "matrix": [
        0.9628863357710696,
        0.23988280779367271,
        -0.12371658992557866,
        0,
        -0.1787602562373905,
        0.22335918917534028,
        -0.9582043204071702,
        0,
        -0.20222351280553497,
        0.9447576832526039,
        0.2579510758913486,
        0,
        -0.18779952824115753,
        0.13324035704135895,
        -0.06308901309967041,
        1
      ],
      "name": "CoatR1_53",
      "extras": {
        "name": "CoatR1_53"
      },
      "children": [
        52
      ]
    },
    {
      "matrix": [
        0.9996929726386354,
        0.014217507227531538,
        0.02031103677528044,
        0,
        -0.012836442862476899,
        0.9976987078453038,
        -0.06657892024356138,
        0,
        -0.021210876348109142,
        0.06629774143003901,
        0.9975746514183236,
        0,
        1.2838077267929293e-8,
        0.2013862282037735,
        1.5304276734795508e-9,
        1
      ],
      "name": "CoatL3_54",
      "extras": {
        "name": "CoatL3_54"
      }
    },
    {
      "matrix": [
        0.968162624529386,
        -0.1284526128313605,
        0.21485097273229642,
        0,
        0.13123259109111257,
        0.9913505855449578,
        0.001336196362028631,
        0,
        -0.21316428826835654,
        0.026901795645714426,
        0.976645811895294,
        0,
        2.5313955376304875e-8,
        0.20749208331108093,
        1.016817119392499e-8,
        1
      ],
      "name": "CoatL2_55",
      "extras": {
        "name": "CoatL2_55"
      },
      "children": [
        54
      ]
    },
    {
      "matrix": [
        0.9621018586567934,
        -0.24252559568798326,
        0.12466494206677536,
        0,
        0.1797030290188221,
        0.2200356116230647,
        -0.9587968315499651,
        0,
        0.20510202681854794,
        0.9448627685487383,
        0.25527922582322937,
        0,
        0.1814652532339096,
        0.1335604041814804,
        -0.0638338103890419,
        1
      ],
      "name": "CoatL1_56",
      "extras": {
        "name": "CoatL1_56"
      },
      "children": [
        55
      ]
    },
    {
      "matrix": [
        1,
        -2.901546977177204e-9,
        2.9043535623467428e-9,
        0,
        2.831949961304135e-9,
        -0.0246493078285539,
        -0.9996961540582561,
        0,
        2.972255690978132e-9,
        0.9996961540582561,
        -0.0246493078285539,
        0,
        4.075745296816535e-11,
        0.23057399690151215,
        -0.04478864744305611,
        1
      ],
      "name": "Coat_57",
      "extras": {
        "name": "Coat_57"
      },
      "children": [
        50,
        53,
        56
      ]
    },
    {
      "matrix": [
        1,
        3.9130107718094285e-9,
        -2.5012055643023388e-9,
        0,
        -3.6098018580855605e-9,
        0.9937674105526085,
        0.11147453764553496,
        0,
        2.92181797825871e-9,
        -0.11147455093433381,
        0.9937675290189014,
        0,
        -4.656612873077393e-10,
        0.08766978234052658,
        1.8510357691070567e-9,
        1
      ],
      "name": "Chest_58",
      "extras": {
        "name": "Chest_58"
      },
      "children": [
        9,
        28,
        47,
        57
      ]
    },
    {
      "matrix": [
        1,
        0,
        0,
        0,
        0,
        0.9945348510161762,
        -0.10440626470618139,
        0,
        0,
        0.10440625225998623,
        0.9945347324583973,
        0,
        2.3283064365386963e-10,
        0.07473495602607727,
        -0.00784568302333355,
        1
      ],
      "name": "Spine_59",
      "extras": {
        "name": "Spine_59"
      },
      "children": [
        58
      ]
    },
    {
      "matrix": [
        -0.8702994794303545,
        0.19102519119775432,
        0.45396861503489927,
        0,
        -0.06132987476357774,
        0.8725164599821866,
        -0.4847206949872014,
        0,
        -0.48868889387072023,
        -0.4496939466553543,
        -0.7476349824952624,
        0,
        3.815936899798089e-9,
        0.059837087988853455,
        -1.0142775508370505e-8,
        1
      ],
      "name": "Left_toe_60",
      "extras": {
        "name": "Left toe_60"
      }
    },
    {
      "matrix": [
        0.9993212007420408,
        -0.024649491302354595,
        -0.0273864430583209,
        0,
        -0.012939583579279601,
        0.46115257514190167,
        -0.8872265489101109,
        0,
        0.03449901131638622,
        0.8869786693742566,
        0.4605205909597341,
        0,
        4.7926382862328865e-9,
        0.14033949375152588,
        4.3687548023640943e-10,
        1
      ],
      "name": "Left_ankle_61",
      "extras": {
        "name": "Left ankle_61"
      },
      "children": [
        60
      ]
    },
    {
      "matrix": [
        0.9992899985872472,
        0.024331982426447785,
        0.028769635448728407,
        0,
        -0.025718347683864346,
        0.9984752858757385,
        0.04884332514321894,
        0,
        -0.027537308615408165,
        -0.0495485419125166,
        0.9983919072943868,
        0,
        -6.239592398316063e-9,
        0.17015469074249268,
        -1.3992559333431132e-9,
        1
      ],
      "name": "Left_knee_62",
      "extras": {
        "name": "Left knee_62"
      },
      "children": [
        61
      ]
    },
    {
      "matrix": [
        0.9991064271707275,
        0.0040326745640649015,
        0.0010424215635912028,
        0,
        0.00403062772392754,
        -0.9999776674474808,
        0.005331307955303538,
        0,
        0.0010631962500820878,
        -0.005318834497558185,
        -0.9984418660160547,
        0,
        0.10404979437589645,
        -0.041519373655319214,
        0.0012741913087666035,
        1
      ],
      "name": "Left_leg_63",
      "extras": {
        "name": "Left leg_63"
      },
      "children": [
        62
      ]
    },
    {
      "matrix": [
        -0.8707393876281929,
        -0.19015785126105544,
        -0.45349045536665245,
        0,
        0.060149454397303036,
        0.8740945037963941,
        -0.48201777348552016,
        0,
        0.4880529130478213,
        -0.44698881198356705,
        -0.7496705855264892,
        0,
        -2.2693301460208204e-8,
        0.060186516493558884,
        -3.506493229110674e-8,
        1
      ],
      "name": "Right_toe_64",
      "extras": {
        "name": "Right toe_64"
      }
    },
    {
      "matrix": [
        0.999355750181265,
        0.02603947987767861,
        0.024696376844350647,
        0,
        0.010219788918391069,
        0.45316944673881493,
        -0.8913658253259468,
        0,
        -0.03440234666417016,
        0.8910440079660727,
        0.45261140138329864,
        0,
        -2.5912594292520907e-10,
        0.1403762698173523,
        2.3846009611361296e-9,
        1
      ],
      "name": "Right_ankle_65",
      "extras": {
        "name": "Right ankle_65"
      },
      "children": [
        64
      ]
    },
    {
      "matrix": [
        0.9992892465604765,
        -0.02435467965144499,
        -0.02876411894434295,
        0,
        0.025911004047795706,
        0.9981482188554701,
        0.055034110281107565,
        0,
        0.027370525840280765,
        -0.05574032169085207,
        0.9980701926772747,
        0,
        -5.534377400806534e-9,
        0.170155331492424,
        2.0979050441294333e-10,
        1
      ],
      "name": "Right_knee_66",
      "extras": {
        "name": "Right knee_66"
      },
      "children": [
        65
      ]
    },
    {
      "matrix": [
        0.9996450544867933,
        -0.004057472671870734,
        -0.003618045864274236,
        0,
        -0.004037104247366418,
        -0.9999741092374888,
        0.005996365588608242,
        0,
        -0.0036407866342485803,
        -0.005977177104926412,
        -0.9992253641103649,
        0,
        -0.10404978692531586,
        -0.04151943325996399,
        0.0016141004161909223,
        1
      ],
      "name": "Right_leg_67",
      "extras": {
        "name": "Right leg_67"
      },
      "children": [
        66
      ]
    },
    {
      "matrix": [
        1,
        0,
        0,
        0,
        0,
        0.9999999999999752,
        2.2261872345552547e-7,
        0,
        0,
        -2.2261872345552547e-7,
        0.9999999999999752,
        0,
        0.002614909317344427,
        0.40238845348358154,
        -0.0022103828378021717,
        1
      ],
      "name": "Hips_68",
      "extras": {
        "name": "Hips_68"
      },
      "children": [
        59,
        63,
        67
      ]
    },
    {
      "name": "GLTF_created_0_rootJoint",
      "extras": {
        "name": "GLTF_created_0_rootJoint"
      },
      "children": [
        68
      ]
    },
    {
      "name": "Object_7",
      "extras": {
        "name": "Object_7"
      },
      "mesh": 0,
      "skin": 0
    },
    {
      "name": "Object_8",
      "extras": {
        "name": "Object_8"
      },
      "mesh": 1,
      "skin": 1
    },
    {
      "name": "Object_10",
      "extras": {
        "name": "Object_10"
      },
      "mesh": 2,
      "skin": 2
    },
    {
      "name": "Object_11",
      "extras": {
        "name": "Object_11"
      },
      "mesh": 3,
      "skin": 3
    },
    {
      "name": "Object_13",
      "extras": {
        "name": "Object_13"
      },
      "mesh": 4,
      "skin": 4
    },
    {
      "name": "Object_14",
      "extras": {
        "name": "Object_14"
      },
      "mesh": 5,
      "skin": 5
    },
    {
      "name": "Body_69",
      "extras": {
        "name": "Body_69"
      }
    },
    {
      "name": "Luca_Coat_70",
      "extras": {
        "name": "Luca_Coat_70"
      }
    },
    {
      "name": "Luca_Hat_71",
      "extras": {
        "name": "Luca_Hat_71"
      }
    },
    {
      "name": "GLTF_created_0",
      "extras": {
        "name": "GLTF_created_0"
      },
      "children": [
        69,
        70,
        71,
        72,
        73,
        74,
        75,
        76,
        77,
        78
      ]
    },
    {
      "matrix": [
        1,
        0,
        0,
        0,
        0,
        1,
        0,
        0,
        0,
        0,
        1,
        0,
        0.5470329523086548,
        0,
        0,
        1
      ],
      "name": "Armature_72",
      "extras": {
        "name": "Armature_72"
      },
      "children": [
        79
      ]
    },
    {
      "name": "Body001_156",
      "extras": {
        "name": "Body.001_156"
      }
    },
    {
      "name": "GLTF_created_1",
      "extras": {
        "name": "GLTF_created_1"
      },
      "children": [
        81
